// sphere:      s radius point color
// triangle:    t point point point color
// lights       l point


    s 1.0 -18.0 -4.0 -50.0  0 255 0
    s 1.0 -16.0 -4.0 -50.0  0 255 0
    s 1.0 -14.0 -4.0 -50.0  0 255 0
    s 1.0 -12.0 -4.0 -50.0  0 255 0
    s 1.0 -10.0 -4.0 -50.0  0 255 0
    s 1.0  -8.0 -4.0 -50.0  0 255 0
    s 1.0  -6.0 -4.0 -50.0  0 255 0
    s 1.0  -4.0 -4.0 -50.0  0 255 0
    s 1.0  -2.0 -4.0 -50.0  0 255 0
    s 1.0   0.0 -4.0 -50.0  0 255 0
    s 1.0   2.0 -4.0 -50.0  0 255 0
    s 1.0   4.0 -4.0 -50.0  0 255 0
    s 1.0   6.0 -4.0 -50.0  0 255 0
    s 1.0   8.0 -4.0 -50.0  0 255 0
    s 1.0  10.0 -4.0 -50.0  0 255 0


    s 1.0 -10.0 -2.0 -50.0  0 255 0
    s 1.0  -8.0 -2.0 -50.0  0 255 0
    s 1.0  -6.0 -2.0 -50.0  0 255 0
    s 1.0  -4.0 -2.0 -50.0  0 255 0
    s 1.0  -2.0 -2.0 -50.0  0 255 0
    s 1.0   0.0 -2.0 -50.0  0 255 0
    s 1.0   2.0 -2.0 -50.0  0 255 0
    s 1.0   4.0 -2.0 -50.0  0 255 0
    s 1.0   6.0 -2.0 -50.0  0 255 0
    s 1.0   8.0 -2.0 -50.0  0 255 0
    s 1.0  10.0 -2.0 -50.0  0 255 0



    s 1.0 -10.0 0.0 -50.0  0 255 0
    s 1.0  -8.0 0.0 -50.0  0 255 0
    s 1.0  -6.0 0.0 -50.0  0 255 0
    s 1.0  -4.0 0.0 -50.0  0 255 0
    s 1.0  -2.0 0.0 -50.0  0 255 0
    s 1.0   0.0 0.0 -50.0  0 255 0
    s 1.0   2.0 0.0 -50.0  0 255 0
    s 1.0   4.0 0.0 -50.0  0 255 0
    s 1.0   6.0 0.0 -50.0  0 255 0
    s 1.0   8.0 0.0 -50.0  0 255 0
    s 1.0  10.0 0.0 -50.0  0 255 0


    s 1.0 -10.0 2.0 -50.0  0 255 0
    s 1.0  -8.0 2.0 -50.0  0 255 0
    s 1.0  -6.0 2.0 -50.0  0 255 0
    s 1.0  -4.0 2.0 -50.0  0 255 0
    s 1.0  -2.0 2.0 -50.0  0 255 0
    s 1.0   0.0 2.0 -50.0  0 255 0
    s 1.0   2.0 2.0 -50.0  0 255 0
    s 1.0   4.0 2.0 -50.0  0 255 0
    s 1.0   6.0 2.0 -50.0  0 255 0
    s 1.0   8.0 2.0 -50.0  0 255 0
    s 1.0  10.0 2.0 -50.0  0 255 0


    s 1.0 -10.0 4.0 -50.0  0 255 0
    s 1.0  -8.0 4.0 -50.0  0 255 0
    s 1.0  -6.0 4.0 -50.0  0 255 0
    s 1.0  -4.0 4.0 -50.0  0 255 0
    s 1.0  -2.0 4.0 -50.0  0 255 0
    s 1.0   0.0 4.0 -50.0  0 255 0
    s 1.0   2.0 4.0 -50.0  0 255 0
    s 1.0   4.0 4.0 -50.0  0 255 0
    s 1.0   6.0 4.0 -50.0  0 255 0
    s 1.0   8.0 4.0 -50.0  0 255 0
    s 1.0  10.0 4.0 -50.0  0 255 0


    s 1.0 -10.0 6.0 -50.0  0 255 0
    s 1.0  -8.0 6.0 -50.0  0 255 0
    s 1.0  -6.0 6.0 -50.0  0 255 0
    s 1.0  -4.0 6.0 -50.0  0 255 0
    s 1.0  -2.0 6.0 -50.0  0 255 0
    s 1.0   0.0 6.0 -50.0  0 255 0
    s 1.0   2.0 6.0 -50.0  0 255 0
    s 1.0   4.0 6.0 -50.0  0 255 0
    s 1.0   6.0 6.0 -50.0  0 255 0
    s 1.0   8.0 6.0 -50.0  0 255 0
    s 1.0  10.0 6.0 -50.0  0 255 0


    s 1.0 -10.0 8.0 -50.0  0 255 0
    s 1.0  -8.0 8.0 -50.0  0 255 0
    s 1.0  -6.0 8.0 -50.0  0 255 0
    s 1.0  -4.0 8.0 -50.0  0 255 0
    s 1.0  -2.0 8.0 -50.0  0 255 0
    s 1.0   0.0 8.0 -50.0  0 255 0
    s 1.0   2.0 8.0 -50.0  0 255 0
    s 1.0   4.0 8.0 -50.0  0 255 0
    s 1.0   6.0 8.0 -50.0  0 255 0
    s 1.0   8.0 8.0 -50.0  0 255 0
    s 1.0  10.0 8.0 -50.0  0 255 0


    s 1.0 -10.0 10.0 -50.0  0 255 0
    s 1.0  -8.0 10.0 -50.0  0 255 0
    s 1.0  -6.0 10.0 -50.0  0 255 0
    s 1.0  -4.0 10.0 -50.0  0 255 0
    s 1.0  -2.0 10.0 -50.0  0 255 0
    s 1.0   0.0 10.0 -50.0  0 255 0
    s 1.0   2.0 10.0 -50.0  0 255 0
    s 1.0   4.0 10.0 -50.0  0 255 0
    s 1.0   6.0 10.0 -50.0  0 255 0
    s 1.0   8.0 10.0 -50.0  0 255 0
    s 1.0  10.0 10.0 -50.0  0 255 0


t 25.0 0.0 -100.0   25.0 25.0 -100.0  0.0 25.0 -100.0   255 125 125
t 25.0 0.0 -100.0   0.0 25.0 -100.0   0.0 0.0 -100.0  125 255 125

t 50.0 0.0 -100.0   50.0 25.0 -100.0  25.0 25.0 -100.0   55 125 125
t 50.0 0.0 -100.0   25.0 25.0 -100.0  25.0 0.0 -100.0  125 55 125

t 50.0 -25.0 -100.0   50.0 0.0 -100.0  25.0 0.0 -100.0   5 125 25
t 50.0 -25.0 -100.0   25.0 0.0 -100.0  25.0 -25.0 -100.0  205 172 125

t 25.0 -25.0 -100.0   25.0 0.0 -100.0  0.0 0.0 -100.0   200 50 125
t 25.0 -25.0 -100.0   0.0 0.0 -100.0   0.0 -25.0 -100.0  125 255 125


t 0.0 0.0 -100.0   0.0 25.0 -100.0  -25.0 25.0 -100.0   0 125 125
t 0.0 0.0 -100.0   -25.0 25.0 -100.0   -25.0 0.0 -100.0  125 0 125

t -25.0 0.0 -100.0   -25.0 25.0 -100.0  -50.0 25.0 -100.0   150 25 225
t -25.0 0.0 -100.0   -50.0 25.0 -100.0  -50.0 0.0 -100.0  125 155 25

t 0.0 -25.0 -100.0   0.0 0.0 -100.0  -25.0 0.0 -100.0   255 125 175
t 0.0 -25.0 -100.0   -25.0 0.0 -100.0   -25.0 -25.0 -100.0  155 75 125

t -25.0 -25.0 -100.0   -25.0 0.0 -100.0  -50.0 0.0 -100.0   255 25 125
t -25.0 -25.0 -100.0   -50.0 0.0 -100.0  -50.0 -25.0 -100.0  25 255 125

// Pyramids
//t -6 -1 -5  -4  1 -5  -4 -1 -5  255 255 255
//t -6 -1 -5  -6  1 -5  -4  1 -5  255 255 255
//t -6 -1 -5  -5  0 -3  -6  1 -5  255 255 255
//t -5  0 -3  -4  1 -5  -6  1 -5  255 255 255
//t -6 -1 -5  -4 -1 -5  -5  0 -3  255 255 255
//t -5  0 -3  -4 -1 -5  -4  1 -5  255 255 255

//t -1 1 -5  1 3 -5  1 1 -5 255 255 255
//t -1 1 -5 -1 3 -5  1 3 -5 255 255 255
//t -1 1 -5  0 2 -3 -1 3 -5 255 255 255
//t  0 2 -3  1 3 -5 -1 3 -5 255 255 255
//t -1 1 -5  1 1 -5  0 2 -3 255 255 255
//t  0 2 -3  1 1 -5  1 3 -5 255 255 255

//t 4 -1 -5  6  1 -5  6 -1 -5 255 255 255
//t 4 -1 -5  4  1 -5  6  1 -5 255 255 255
//t 4 -1 -5  5  0 -3  4  1 -5 255 255 255
//t 5  0 -3  6  1 -5  4  1 -5 255 255 255
//t 4 -1 -5  6 -1 -5  5  0 -3 255 255 255
//t 5  0 -3  6 -1 -5  6  1 -5 255 255 255

// Cube
//t -1 -3 -3  1 -3 -3 -1 -1 -3 255 255 255
//t  1 -3 -3  1 -1 -3 -1 -1 -3 255 255 255
//t -1 -3 -5 -1 -3 -3 -1 -1 -5 255 255 255
//t -1 -3 -3 -1 -1 -3 -1 -1 -5 255 255 255
//t  1 -3 -3  1 -3 -5  1 -1 -3 255 255 255
//t  1 -1 -3  1 -3 -5  1 -1 -5 255 255 255
//t -1 -3 -5 -1 -1 -5  1 -3 -5 255 255 255
//t  1 -3 -5 -1 -1 -5  1 -1 -5 255 255 255
//t -1 -3 -3 -1 -3 -5  1 -3 -5 255 255 255
//t  1 -3 -5  1 -3 -3 -1 -3 -3 255 255 255
//t -1 -1 -3  1 -1 -5 -1 -1 -5 255 255 255
//t  1 -1 -5 -1 -1 -3  1 -1 -3 255 255 255

l 0.0 5.0 1.0
//l 0.0 3.0 3.0